Matriz 1
8 3 6 6 7 6 4 3 7 1 
6 3 4 3 4 0 1 2 5 4 
6 6 7 6 5 0 9 0 7 4 
8 3 0 3 9 2 4 9 9 7 
4 1 6 7 1 9 8 3 2 9 
8 0 4 5 6 4 4 6 1 0 
7 5 3 6 9 1 9 1 5 8 
0 7 0 1 9 6 2 3 2 6 
7 2 1 1 3 3 6 2 5 0 
9 2 0 0 6 7 5 2 6 8 

Matriz 2
8 0 0 5 5 1 2 4 6 4 
9 7 1 9 3 2 5 9 1 4 
2 0 9 6 7 3 6 3 5 1 
5 1 8 8 9 7 0 1 5 6 
0 3 4 5 1 2 4 9 8 3 
1 2 1 5 4 1 5 2 3 3 
9 5 0 8 5 9 4 3 6 4 
2 7 3 1 1 6 1 8 0 3 
7 6 5 9 2 5 0 6 6 4 
6 2 6 4 6 3 1 9 3 9 

Resultado 2
236 145 189 318 219 186 145 245 254 187 
170 93 134 196 139 111 77 187 154 136 
300 158 196 350 239 219 144 255 255 206 
267 206 179 296 182 211 109 348 243 237 
243 126 197 292 266 211 142 218 212 228 
156 99 127 201 163 148 106 177 183 134 
304 168 193 346 242 223 143 308 275 248 
148 144 112 207 116 109 118 253 144 158 
177 104 65 192 114 121 83 147 153 111 
236 137 117 256 172 143 117 261 215 205 

